101
    10101
        10101010
        10101020
    10102
        10102020
    10103
        10103030
    10105
        10105010
        10105020
        10105030
        10105040
102
    10206
        10206010
            10206010A
            10206010B
            10206010C
            10206010D
        10206011
        10206012
        10206013
        10206014
    10210
        10210010
        10210011
        10210111
            10210111A
            10210111B
            10210111C
            10210111D
    10299
        10299010
        10299011
        10299990
            10299990A
            10301010B
            10301010C
            10301010D
            10301010E
        10301011
            10301011A
            10301011B
            10301011C
            10301011D
        10301050
            10301050A
            10301050B
            10301050C
        10301051
        10301070
            10301070A
            10301070B
            10301070C
            10301070D
        10301071
            10301071A
            10301071B
        10301990
            10301990A
            10301990B
            10301990C
            10301990D
            10301990E
            10301990F
    10303
        10303010
            10303010A
            10303010B
        10303060
            10303060A
            10303060B
            10303060C
            10303060D
104
    10404
        10404010
        10404020
105
    10501
        10501010
        10501020
    10599
        10599010
106
    10602
        10602990
        10602991
    10604
        10604010
        10604011
        10604990
        10604991
    10605
        10605020
        10605021
        10605030
        10605031
        10605120
        10605121
        10605130
        10605131
        10605160
        10605161
        10605162
    10606
        10606010
        10606011
    10607
        10607010
        10607011
    10609
        10609020
        10609021
        10609990
        10609991
    10698
        10698990
        10698991
199
    19901
        19901040
            19901040A
            19901040B
    19902
        19902010
        19902040
        19902050
        19902060
        19902070
        19902080
        19902990
    19999
        19999020
        19999021
        19999990
            19999990A
            19999990B
            19999990C
            19999990D
        19999991
201
    20101
        20101020
        20101050
202
    20201
        20201010
        20201020
        20201030
        20201040
        20201120
        20201130
204
    20401
        20401010
            20401010A
            20401010B
        20401040
            20401040A
            20401040B
205
    20501
        20501030
        20501990
    20502
        20502010
209
    20901
        20901010
            20901010A
            20901010B
299
    29999
        29999090
        29999990
            29999990A
            29999990B
301
    30101
        30101020
        30101030
307
    30701
        30701010
310
    31001
        31001010
402
    40202
        40202050
        40202200
            40202200A
            40202200B
        40202210
            40202210A
            40202210B
            40202210C
            40202210D
        40202220
        40202280
        40202340
405
    40501
        40501020
        40501030
        40501040
        40501050
        40501160
406
    40603
        40603990
501
    50101
        50101010
        50101020
    50102
        50102010    
        50102020
        50102030
        50102040
        50102050
        50102060
        50102070
        50102080
        50102090
        50102100
        50102110
        50102120
        50102130
        50102140
        50102150
        50102990
    50103
        50103010
        50103020
        50103030
        50103040
    50104
        50104030
        50104990
502
    50201
        50201010
        50201020
    50202
        50202010
        50202020
    50203
        50203010
        50203020
        50203090
        50203210
        50203990
    50204
        50204010
        50204020
    50205
        50205010
        50205020
        50205030
        50205040
    50210
        50210030
            50210030A
            50210030B
            50210030C
            50210030D
    50211
        50211010
        50211020
        50211030
        50211990
    50212
        50212010
        50212020
        50212030
        50212990
            50212990A
            50212990B
    50213
        50213010
        50213040
        50213050
        50213060    
            50213060A
            50213060B
            50213060C
        50213070
        50213990
    50215
        50215010
            50215010A
            50215010B
            50215010C
            50215010D
            50215010E
            50215010F
        50215020
        50215030
            50215030A
            50215030B
        50215040
    50299
        50299010
        50299020
        50299030
        50299040
        50299050
            50299050A
            50299050B
        50299060
        50299070
        50299090
        50299140
        50299180
        50299990
503
    50301
        50301020
        50301030
        50301040
505
    50501
        50501010
        50501020
        50501040
        50501050
        50501060
        50501070
        50501090
        50501990
    50503
        50503020
        50503060
        50503150
    50504
        50504010
        50504030
        50504180















































































































































































































